25
45
92
158
83
185
113
11
197
19
125
24
66
176
122
220
265
250
93
190
87
118
146
177
102
175
140
100
117
67
49
47
115
69
241
8
224
203
21
162
234
168
85
169
160
239
138
12
242
55
193
144
126
238
237
73
6
30
151
259
235
1
40
128
200
236
90
145
36
198
37
38
221
109
64
136
156
97
27
214
81
133
60
152
10
172
261
166
23
2
7
41
28
142
173
206
232
72
86
20
31
249
147
171
204
61
124
154
181
98
32
258
257
153
105
229
141
210
202
240
95
233
217
76
5
29
253
107
188
119
46
79
34
54
9
127
256
219
3
247
196
16
44
191
114
14
17
91
39
216
132
108
121
50
35
112
184
255
56
260
26
51
212
150
213
263
195
230
215
192
80
101
165
4
106
96
245
180
183
161
78
135
70
131
84
71
94
148
134
15
52
111
116
164
123
243
207
59
155
208
262
75
170
33
18
48
244
143
182
201
189
77
186
65
130
63
227
58
218
22
251
179
228
222
178
187
139
223
264
88
209
231
149
252
129
74
68
57
99
89
159
137
174
53
43
167
246
82
42
157
226
248
163
13
225
194
205
120
211
254
62