13
48
225
3
167
202
2
82
260
181
123
203
22
263
14
10
122
27
56
165
71
117
158
206
219
79
146
91
183
64
98
60
53
6
74
133
59
173
176
239
232
195
5
84
40
250
240
257
8
114
166
208
21
242
178
245
50
193
141
220
185
108
29
139
19
7
100
17
162
72
47
171
85
172
105
78
236
211
4
217
180
241
235
163
247
57
262
55
118
255
101
135
222
196
63
46
112
254
231
188
51
102
75
168
77
251
228
154
132
159
155
30
16
134
113
143
121
148
256
23
199
24
54
243
248
9
227
61
140
200
169
99
264
106
44
213
95
83
93
96
43
137
186
116
76
49
15
179
259
111
120
249
88
150
128
65
107
189
153
126
221
151
129
70
218
152
164
125
261
237
35
81
210
28
42
34
156
115
18
37
258
25
215
209
130
32
124
119
80
161
194
89
184
90
144
142
62
73
149
224
207
226
201
230
265
252
160
187
41
138
182
127
216
36
233
191
94
244
67
238
33
197
147
66
253
11
26
38
145
58
131
109
174
20
52
92
136
170
39
175
190
86
246
198
157
177
205
192
234
223
87
45
31
68
229
12
214
204
97
69
212
1